2: 0484770722 6062355810 4533645021 3632090780 1251718287 7279276481 2761329848 9954247153 4825667015 1550583862 : 112
4: 2805399471 5612194124 1151227931 0311966914 2981637921 4075560893 3165280357 0487635202 3326104617 7304626347 : 171
5: 3949718841 6861192184 9552869472 9147180680 2661498722 0542659078 9896502952 3981330822 8875013314 1661052210 : 204
14: 5272587510 6229091180 7804576696 5549162756 5473910513 1790424659 4612097448 4783128637 8164277120 8632310357 : 503
237: 8026948699 9127377835 6367362148 5568877934 2221982650 4185814676 8512835928 4048990375 4267987408 5059918637 : 537
357: 6272261176 1223873840 9212640413 6651208572 6756294032 6973659037 7171193022 0473749423 2752479406 1982754424 : 686
577: 9899017948 7493340623 0778300214 4624958862 4002354866 6961553062 4181293208 9295761919 8839290238 1368581045 : 720
666: 7464616012 0688882543 3774977301 0786076034 7898405762 1758994803 5499833682 3842930481 9469620366 2191145566 : 930
769: 4637777256 0780588368 8961597149 4800389310 5395383719 7556660157 7626290211 4816256364 0785323230 0931258321 : 1212
7667: 6992040711 4439457964 2953289926 4129916859 6490457295 1367517144 2694715738 2077303097 5060039617 4148272587 : 1249
13726: 6458036528 5056486302 4255512540 3971390077 1568935890 7506433378 4776756152 8263036880 9564147158 0656298215 : 1351
40082: 3611527233 3324219204 5570226164 3230920924 3364990694 2752318235 1727387841 1182738678 2275328539 6968657211 : 1367
46378: 9946998696 9708353808 9100148067 1983045364 0305216766 4090058297 3590119330 8043776731 2726130184 5129448988 : 1444
96064: 6655818206 6935098516 0540742604 1990191534 4912703251 3930488259 9005718909 3917478393 4874787906 6814882336 : 1802
150306: 6088511761 5109600906 0517290842 4653594579 5452759839 7837386167 3080631754 2745103128 6325963462 0520888592 : 2216
0: 8467828901 0885326602 8874637113 8393367106 4958777184 2417675169 2648158134 3731204965 2110695340 2241882408 : 182
23: 9937159592 7202113520 7789897209 0809659839 5104858077 1064082831 2373790513 1833067055 5722614166 7202861868 : 257
28: 5903664383 8135541355 6939161493 8871886393 4894316301 9380478986 6731451134 0964840562 6116822790 1285019770 : 390
69: 2334559767 4529672535 1725632676 0563450778 3216429679 9788085013 6945741730 2698464775 4335419411 4115076923 : 398
78: 6509547265 3267737430 8289275127 1971451801 8656746501 6643831318 8223560541 9304052029 0911708157 1145821758 : 426
120: 5920977342 8113153018 7773101482 3757623644 6238101714 8666283119 4991128612 8103908469 7406800446 2292131560 : 584
233: 6767095070 7598398056 2867202453 4458264825 8600355757 0513819824 6735922275 1732343682 3512310397 4721436153 : 665
270: 7309531776 6611353690 9134899320 5879461680 9060550733 3785296380 4181092180 9348519085 9585127708 2083164885 : 874
1037: 3199654932 3183061094 3663321934 7574291777 9823058509 1060063353 0709150162 7620243435 6236999290 0490646853 : 921
1725: 0492395081 6759475749 8127542793 3698175503 2018847629 6172710126 1035407375 3657480098 8612301745 2150858407 : 1359
25593: 8477494873 7197219371 1135610479 7293326126 4268722300 6148478943 9825429844 6937703970 4898119672 5652161879 : 1366
30496: 8982668186 8726785950 7269584495 9968851642 8208914157 0917972956 1038638620 6456420436 9801942018 6661618131 : 1693
75052: 5761301116 1171299059 9636761143 6186206242 3599789360 0865765979 4403888738 7937349946 7321408681 2499023685 : 2001
0: 8927802964 4646315204 7772816283 4108143178 6990422805 3822772970 2794493471 0021091631 5374211242 1877738821 : >99999
1: 5981255453 1604517650 2500351214 9759734596 7839447704 1093416207 3523012099 7574917215 5191799236 8914579898 : 300
3: 3914236787 8462941025 9769188611 5733585098 9001194598 8664490362 7694381409 4974181107 2174012966 5693395630 : >99999
4: 9506144462 5413236796 3421902307 6445011523 7968563944 2001841073 5189440963 8692659314 1960581623 3811039050 : >99999
6: 5749917312 7681259645 9998128601 0538061970 1642090174 3570868804 8579364771 6689215511 3863694819 6585211093 : >99999
7: 0642395713 4283119146 9685866063 5670539068 6660944890 8816204314 7200773615 0499426592 3768002938 8963378532 : >99999
8: 6643202958 4625290601 4452691505 0376012331 3600648796 4574250134 1830532083 6838027242 5280175343 4345936954 : >99999
10: 0034709251 0238786212 4099151325 5059112040 5218184768 2392429015 7797901366 9370634699 0388936170 3379810813 : >99999
12: 2019108391 8608371435 0920599573 3191927910 5548820337 9667122756 8903309932 4187107538 3342428008 3422609690 : >99999
14: 5644720372 1336990499 8851403534 5181388727 7793319072 3206295141 9621174160 4035741240 1233633750 5045384690 : >99999
18: 7347835222 6730170337 4901335559 6745030108 7228755309 9517549088 5564561930 4389139913 7483217928 9773562150 : >99999
20: 4002666323 4388439017 7370415124 8176310809 0377605909 4790612239 7010790699 3823840144 9813962769 5612655810 : >99999
21: 0476552491 7050454462 0690778960 6643683296 5342424923 2743103747 2933171910 4137598565 9301234975 6977473461 : >99999
23: 1484762339 1750472825 5697805206 8651859556 0671413201 1355337757 6366342238 3896283670 7185313209 7822833720 : 600
24: 6571382504 7192322152 6137794494 7222895014 1570950603 5565270200 6442587783 7409687520 2038451657 9110402654 : >99999
25: 9054647064 7639982581 1481688645 0961205685 1776086112 2401011753 6182610308 2518126429 6262897834 2400875100 : >99999
26: 3257700827 2404169377 5954938686 2801732486 4299702696 9959881747 8025178044 2018268991 5285552416 8200830303 : >99999
27: 9767759143 6401766605 2492787725 1111752477 5195829221 3796273621 2692910659 6926357797 2913343085 7347508630 : >99999
28: 2693290542 6520910911 7782867544 1329238115 9620627331 1369961785 2620440076 0339105013 7667888561 8046184357 : >99999
30: 3330039968 1436528901 5160890888 1640170447 7429557361 1537416566 1859814652 5268880053 4560762074 2656448828 : >99999
31: 4796800517 5873901148 1730102403 7873642309 2046296911 4499719010 7105795045 7585224114 1289959269 3514909266 : >99999
35: 8739454516 2437890625 3501479987 2920993718 0173436387 6211856709 9086048746 1320402819 3427234416 0255929708 : >99999
36: 7145530601 7093589949 8599115520 4785746929 0952819895 3385754224 6786918573 2799410797 1588781739 7759058690 : >99999
37: 9435797329 1174565403 8781000961 1347240797 0643124495 6929043491 1109114028 3713043397 3137283756 2001958034 : >99999
44: 7930755016 2649950511 2010084839 4275263337 0740198947 1431418310 9461839926 0415899550 6556798279 2268822481 : >99999
45: 2029063892 6359521303 0840847464 0166612356 6712762789 5207996292 9362620487 4230734608 5179003868 7021874064 : >99999
46: 4864496599 7379768022 8096440331 9097533469 3468289169 6935634817 6841010736 0909496960 6928024850 0869079343 : >99999
47: 1849015301 1563122418 0860822729 7200077653 5718928908 2115883338 0551377250 9314641348 5502941997 7235746855 : >99999
49: 9098831678 1277674236 0043776303 0035859838 0143124062 9266714196 3437317629 6077987388 7005649836 1532312733 : >99999
51: 3666566205 3633685586 0267623823 1151910624 8329141309 8961218217 0380630200 5788966092 1071412981 1219860053 : >99999
52: 1214744726 0443957860 9219785257 1087232680 1637090594 5863476088 1186177120 6452051720 6490722533 4155510082 : >99999
54: 6020980702 3929684237 5082635806 8736241431 8410998641 2147932608 7308900215 8334488209 9631061233 2164861039 : >99999
55: 7750271223 6100808357 0598511129 3988549553 9131704601 9196204770 5589936639 0841975257 5930194843 0909290162 : >99999
56: 6466284544 0074854850 9718335294 1256052363 4733909326 7860950153 0253250405 8441541753 4289464283 7000509172 : >99999
57: 5132605399 3988039901 4158700964 8101177411 6627684117 1467115322 3402164820 4569833988 9754330897 9762125632 : >99999
61: 5558824298 0253536955 2925115812 4637567998 5605507312 0534533622 4406653815 8691792843 2871071227 8904403707 : >99999
64: 9149736005 5581357673 8537785488 8494124887 7998932154 1261858853 6431627689 8972309404 1554596502 0644258389 : >99999
65: 3961900852 3726446150 6846398384 4031156950 7709255446 5209637275 7267251186 7602830639 7158116244 3093621070 : >99999
66: 1137134806 0607930400 2014654282 6682097004 8685989376 8761238967 0332193040 5493264288 8695288859 5973754445 : >99999
68: 4390186815 4214324246 2336406785 4901691125 9107482839 1569641264 8679734023 7730618706 1840616065 9478850575 : >99999
71: 5890361232 4883738443 4051623700 6732993632 8721870340 8843081678 5057763593 2912430597 9606571406 5743679615 : >99999
75: 2118873103 7829780581 5034585402 3892171594 2195403928 1766019930 0325828442 2231867868 5905323199 2449844677 : >99999
78: 7095078683 4212009194 3692670385 1081372109 3103750167 5697629396 2833477603 5891354383 6991585352 2569088527 : >99999
79: 4866479721 8852382252 8647032220 6683946529 4598490424 8400551457 9033562661 4226238487 8047159591 0732107684 : >99999
80: 5291517304 7213688090 6783692157 9386833212 9686091945 8421469467 1153175392 4856110894 5429368728 9849477331 : >99999
81: 4716186729 6459677111 0619022111 2987234803 6101492288 4574995421 0989287713 4266961646 4251200787 6695982679 : >99999
82: 4248694332 8375076319 4488521802 9989904615 0478341100 5695756026 3537134542 1365671752 5061640951 5139511218 : >99999
83: 7901055908 1188225092 0807638141 4530191894 9275484649 4418825850 3721399783 1522615046 5593702387 2709987611 : >99999
86: 5115095906 2565652959 4056121456 3489787865 6854220286 8238116671 8850636656 8090021306 1166332672 1694500203 : >99999
87: 1239928089 6518290677 9869143751 6341172762 6014315754 9178788564 8113257544 2012232438 1963083609 2892333464 : >99999
89: 9764253205 2828836724 1799000732 1402960625 1748426268 0223584227 4479085808 9374936843 3798265487 6871675139 : >99999
95: 0109909260 1914864005 0370322961 9413836678 1821776966 8390158965 8139642175 7995836724 4682220639 4367115650 : >99999
96: 0245155815 9428558499 6042917521 5208459560 1389384688 5444504542 9900554460 7236410569 0225720951 5655168221 : >99999
98: 3976922927 6745973417 5061397078 8029056191 3685354170 7781928063 9418149298 4254048922 0960723192 5670876360 : >99999
101: 4571428952 5184737975 3855989677 4297126907 7160313696 1413583011 8068193646 9100275107 3202036379 9883990558 : >99999
102: 6905363667 3971048715 6112171350 5014929570 5850153692 9376933922 9056593219 2197212072 2257651361 1547693463 : >99999
103: 8656614329 9038704366 3418801196 6969006302 7144980559 5698615067 8633408897 8652960546 6860827028 8499457822 : >99999
104: 5600442668 6212537941 6637059413 2377192696 5756533502 9311582764 1594399792 8861695330 0238587988 9101338901 : >99999
106: 0310907971 1576007122 5172880441 1443494952 6951760714 8120912775 4289061525 4322314472 8398372270 9906744216 : >99999
109: 9701007602 6568549955 1546543894 7437099024 5587747086 9184390402 9669046138 5868361517 2419199055 6733671061 : >99999
112: 4119199977 5621651415 1675773762 2561272856 3105134114 8084849879 6579622102 0236701555 9042718857 6365882216 : >99999
114: 9787676437 6143634315 9842678241 4324743263 3060721381 4106932298 1614895495 7688025403 0585783128 0717397388 : >99999
115: 0127401640 5731494351 0871734057 4122800265 4113153060 7079351768 7466427285 0389425917 9207612825 0059757577 : >99999
118: 8293185045 4365776531 7731384378 4441807197 9273707499 7495291482 5254003941 9052343276 5539055020 4472025809 : >99999
121: 0379007839 0472756103 8574252680 6888576788 5507854035 4867143935 1685933887 2023119882 9474493868 1884330567 : >99999
122: 7339449560 3116642908 5516766788 6682611228 3013493359 3677834530 4161758466 2553277041 0990584942 9524276934 : >99999
123: 5080871604 2010586867 9082239398 5909372368 4485362126 2758585023 5418332365 4166175645 4415341328 5453472148 : >99999
124: 8251097397 1396947996 6264511341 0152852385 1526191282 4261835830 6231660694 2361974625 7192103836 5536459139 : >99999
125: 9669777156 9680826659 2147752102 1356195221 9238097914 6232459989 5903136616 4680868032 2428013169 7458119234 : >99999
128: 5630868421 6493226287 1271568120 5189782100 1079709351 9516170348 1889698600 3165632242 8452599443 7896022964 : >99999
133: 9195461885 1760629346 2457212315 4154708145 5721753347 4335664455 8007979748 3296593414 8292936039 0780558878 : >99999
134: 6231542055 9557383875 6003767209 3461606375 2267771482 4752793110 2740479885 7900364040 9423028389 4128441340 : >99999
138: 2157638229 1204337727 1970896749 0945042453 9608757780 3316516069 2797833881 8999489136 4200734365 2051277261 : >99999
139: 4304490032 9991775508 9375927190 2781709441 5082711421 5879490788 5700246182 4918596839 9152884913 8769529986 : >99999
141: 8014540378 1945068406 9435916051 5014623763 5587399206 4164849397 8147646559 1297932793 6648627328 0620761532 : >99999
142: 8526933243 4810013440 5291717742 4587856368 5004950047 3892067453 1505729148 5632143431 3219979175 0295993627 : 707
143: 1868645279 3822097695 6763184456 1664614579 2572710018 7632279769 6746075198 5177820422 9349592431 5166080087 : >99999
144: 6754648687 1898732441 1108038987 3892360832 4727532434 2641955946 8337200716 9997797815 0973347270 6662354818 : >99999
148: 8984810936 5269671602 0229497101 8381780475 8211218278 6320759115 4754188151 6516436731 9806656970 0784093816 : >99999
149: 1840396573 0732709729 2613063142 2996876872 2566512092 4646666328 4462280813 5918012525 5375798922 0573020683 : >99999
150: 6019415627 2479376451 4869817958 3188791014 0581078904 8897969606 0505533749 6083035695 8874025709 6980038180 : >99999
151: 1092742143 1817509630 5803933279 5300648540 6159428074 7306125142 7784595675 9651396961 4298971535 8932113603 : >99999
152: 3483901576 6403043322 8076221608 1497777780 7721624836 9402343922 0398629253 9436188382 6364389176 2049220093 : >99999
154: 0887547809 2843794532 8453068175 4025396486 0093941356 6739778137 8670945996 5934233303 8286064499 9246908646 : >99999
157: 1130032593 5925270368 5840989505 0052727330 4172643060 8821544172 4380445050 3467373719 8635062423 0112428262 : >99999
158: 1321624299 4968568083 2422410045 1357239106 2258859900 3312009126 7407120189 6189958972 7574511189 6810498278 : >99999
161: 1625233269 0732389943 8702826447 1098003042 1359674835 4890833940 8031000949 2748290687 2406302277 9873109603 : >99999
162: 5747800948 0294078515 2170853035 9358017365 2939513147 6275079502 0093873174 2579886768 4693597198 7755206883 : >99999
165: 9958652828 5559292149 3199947080 8821691280 6001509807 3226969175 4408833394 3759235067 6314929768 3584806538 : >99999
166: 2909921462 8041594963 1657948656 2754745404 5888744194 8204220398 0611146192 3893421111 9816897663 0544751950 : >99999
167: 1840080271 9767046868 7205592411 6719914456 4331463278 4334696443 0752378185 2887849181 3332541364 5797716564 : >99999
170: 0273923272 0548343716 2871911063 8770085318 3472640649 5912009072 7534693548 5375833601 7313225061 3692884622 : >99999
171: 1433200938 5784512347 2954707157 3625042391 1537204878 2437743540 1515827815 5919583007 3924029645 7783893234 : >99999
172: 0525870468 8194257166 4900999527 6277768133 0029529819 5724200434 6429724177 6218152838 7252841712 2192082776 : >99999
173: 5593998044 9678465683 0206296275 8496586449 8270413212 6675808862 9436096348 4670525180 0377633278 5848287701 : >99999
174: 0443707428 4492187431 5473883381 1393181393 2009826731 0149666088 7959381144 1224001481 6413158588 4061984564 : >99999
175: 8477334287 6441113782 4396282777 9767482785 5533858346 1382135947 4655873199 1641493767 0557441463 9267326623 : >99999
178: 6357492119 3250950782 6670567122 2679890451 7962792800 4903835372 1252669929 6031817615 8828514602 8356252760 : >99999
179: 3341824329 4984979413 8059614745 5593325107 0626179976 5435579714 7549063457 0086172778 2568197150 8060627991 : >99999
180: 5773342496 2399673416 5457484707 1752121301 2668315534 5900154266 0393766291 0: 5742578145 0082438765 6841222066 8987938424 6365324405 1156849216 5706838389 2114113781 6814364801 0799158414 : >9999
1: 6668992004 7151437391 4318223293 6254138123 4450419572 5679334989 4678646549 3351516369 9829857162 3501228787 : 234
2: 4135574152 1829277304 4999340545 5633929282 5861323017 3667616543 7965752631 1323293380 0448609652 9263981984 : >9999
3: 3177238535 5804822237 4211339174 8146919563 8011608109 7659511305 3246184675 0115435633 9861135407 5045229378 : >9999
4: 9264117347 1554006433 5429882656 7569260922 8108059369 8703766711 4267367451 3772191254 8637653160 9260381071 : >9999
5: 1104856146 4324124092 1951006192 1653803835 3884417602 0317483278 1858139654 4365049345 9223217461 9011233031 : >9999
6: 7008645423 8757081226 3152684779 3542684163 2317730529 1823353648 2990853293 8183775187 2198920170 0727593041 : >9999
8: 9526940695 6956091424 1500089556 0455846231 5908729229 0009044789 4085044993 1436182652 8863598089 0194146875 : >9999
9: 2879713278 3587889669 0518125182 1236423515 8767743064 0625283374 5032512113 3581238133 8807727611 3388829553 : >9999
10: 2519491943 4984629983 1597488371 2179008536 5747557833 0692657484 5977107065 2862038813 3555074794 1056482040 : >9999
13: 0451659061 5835224323 1200379005 3286276497 4691811907 4926574701 4256367100 5440883020 7602337556 3353936811 : >9999
14: 5598558142 9518982948 8776954442 2126676775 0112342580 2142130567 4572634568 1257962302 9928738825 0710730851 : >9999
15: 5023539087 1769716719 5039207170 2993629720 3664982119 0928981537 8419272357 8342250916 1483789813 7218734237 : >9999
16: 9712196334 4201390055 4034895550 1046516205 7757810551 6319931300 3569338709 6299035617 4241444936 0266306705 : >9999
17: 6883256687 6872712793 1741320303 5902401524 6064747637 0186299119 7287522605 8031623669 6841274859 5166851001 : >9999
20: 4494559911 5830481501 0775280357 0344231825 8312660481 3469821947 7271435472 8778756368 4074174272 4724824236 : >9999
21: 7685265912 6744532610 5942753198 5036375450 3348927989 5902620875 8215038315 1667248802 9852856647 7205151915 : >9999
22: 5256622745 9221167438 2386102176 3776626879 3090225490 6018739472 7319847642 6384499499 0826024093 7308825194 : >9999
24: 1008369069 3095811110 4623111782 3487125654 0388220282 9682561349 4165668201 7362356388 8490310447 6290101236 : >9999
25: 3476165051 1542756872 8658412874 3305153696 4021408782 8879773379 2563218190 2992603245 3359219116 0294049980 : >9999
26: 9865356355 4669867159 6527886274 6103125824 5117462868 0875112294 9203521121 2271602514 4415781395 2696752086 : 402
27: 8167180801 3826351189 2528028290 9354281252 1127515775 5420747218 5151206088 3465537700 1338940707 9473261875 : 567
29: 6937186936 4671287182 7226823856 3299562229 8091257755 1865328842 9261478011 0297017637 2996644377 5752260889 : >9999
30: 6417976548 6039055452 0371707852 8680993432 9253706973 1314323920 3864510731 9841053357 6133015590 2695900908 : >9999
31: 3261903109 6656438713 7444521932 7631185752 4968003406 3047245756 2949372597 9481374045 4243753552 4763495197 : >9999
32: 9814567489 1333085472 2934623879 7906066795 2022449613 3257670281 5583599731 3623575434 1152669241 5215630957 : >9999
33: 7268514042 8258236648 2174355226 1337445132 8576485175 9319347448 4418496609 2482239447 5319236462 0404864498 : >9999
35: 4459306764 7207227102 7813471445 6588005753 2457549924 3295552468 0414508982 6398437149 9388038213 8695902161 : >9999
36: 6657144696 0981258969 7992152422 8813498443 7178605308 5075998562 4639273548 5820290903 9659771988 5382379126 : >9999
37: 1704153846 8090075943 1444352369 4698090589 4581809750 2811365892 1312598373 4093146061 6243168007 1205181516 : >9999
38: 9351606386 8829988321 1384449997 6109813659 8699089873 6036525943 1847261290 3292511126 5620347569 6237781748 : >9999
40: 6252631374 1511509826 3484870260 9977662861 4973761072 9905159168 5705848772 0713347906 1216227205 8868031812 : >9999
42: 6277849689 3156734008 4792920580 4755752638 9519450459 1016577111 8757975570 6722186672 3203968454 5177461414 : >9999
43: 7360885337 6563802344 7847341883 3486830343 7589092792 5479687441 7052698535 7905804394 9989587452 5594981428 : >9999
44: 6790996402 1835361978 7846244999 5682986882 0958353214 6208443660 9116669464 7627835832 3341059349 3296626849 : >9999
45: 1229940924 7928943969 5855612182 2572396702 1936107711 8743029391 5075003599 6388850648 8847788507 3008337953 : >9999
46: 3105594310 3589317909 1037516982 0777620563 1475005483 2728410803 8333883484 2156912709 3440772157 0326867792 : >9999
47: 1039411026 0305299292 1379305857 3593897129 1000688827 6204292904 3426987757 1135141819 3253447954 1563105689 : >9999
48: 7585973192 3649410392 1236871023 0521284270 7203451419 5869484930 0945926409 3050007498 3456560051 2622966125 : >9999
49: 7690318920 1019633936 2447755438 1769625203 6012654437 6153027654 2698183028 0276963351 3316751743 1812347328 : >9999
51: 0815024153 1432595227 8893842491 7822759688 5998278832 9465433321 4729546164 8248693954 8041651520 5809781180 : >9999
52: 5510556596 4409526570 2074112676 0752776606 1470063156 0755460070 7594614922 1088098368 8557889642 9299774216 : >9999
53: 3809684273 2135971617 9363356178 8074731308 1436048044 5890671447 4334640333 3766902926 5898536340 4813144924 : >9999
54: 9190811620 4118326082 0220111308 3934083374 6945813031 1923838741 5463704790 7923960320 6071542214 9910929154 : >9999
55: 1356007101 5109230133 3649246831 5896619275 7982554397 5455670116 6224539356 6141762097 4830563936 0956797058 : >9999
56: 4804124646 2787024195 0122288808 6981467795 2835247947 3776038685 5267085064 7206064951 1745964365 9858492761 : >9999
58: 4035445343 5981844882 3364182628 0097843353 1982349444 3654834092 3991991026 5941621043 2875940843 0397109903 : >9999
59: 5902876335 1510985370 3958758140 4760455638 6108350819 0368199698 7548903190 4867647925 3590138720 9619672657 : >9999
60: 1446503883 3063858822 6083155457 1037337939 3988848925 1405745695 3326638187 8634177258 0901702412 2319760393 : >9999
61: 4593559657 6494370286 9834982106 7003957328 8550666916 3175868875 6189464690 1365479191 8159506932 0876057228 : >9999
62: 8473242285 4619316907 9514169159 0208260100 7556755806 2689770043 1892653359 9794853613 7275490868 3439106125 : >9999
63: 2998900864 2227859590 1928165073 2957503837 6507648682 1404773450 0827274956 2621259210 0983891561 6199334908 : >9999
64: 7966389126 9334861740 0234778102 1133008306 9191919150 1951059591 6067880454 1951815411 9223859987 9442918433 : >9999
65: 8717881345 5272934055 2872028803 3495897157 8792334043 6449021319 1726231596 3300395353 0652319743 6020492572 : >9999
66: 9599391995 7778238315 6802611088 0122943286 6096895907 2721301865 4547303157 3728316585 8737350763 2801352847 : >9999
68: 3604074922 9178873674 4422120707 0319999783 7962300270 3406898139 9540007309 0635155023 7981406430 3701107783 : >9999
71: 3296037907 6467804726 2855794556 0633746668 2181354786 5309957624 4662896639 8787359077 2413431173 7051817763 : >9999
73: 1649150425 9928275096 4527798626 5049243254 7197128491 3775942400 1238603001 4313676104 4782504703 6385480583 : >9999
74: 4172711250 1788034001 2906951703 3081306594 5357140784 8817150923 2066108269 4082208310 3918946609 6667302045 : >9999
77: 8864956598 5787703426 7844785163 8230499455 4922932809 9356604581 4082706946 1523272775 3612439555 2158620737 : >9999
79: 5309167640 5224064939 8492561420 7939734518 1725842587 7337394469 4059929638 2765425192 8798743508 0162336942 : >9999
81: 0170651613 7464448354 8809998226 0631878221 0923676981 9975712002 6913856601 2654558832 6577774610 2734861985 : >9999
82: 8173832722 6127586558 0316802935 4557165382 4767928820 3015049806 8345276161 8523753174 9384728201 6801378343 : >9999
84: 4422482480 7400589099 1903964164 8593907522 2292614579 9616274924 5042967627 7037182941 3793039302 7749312453 : >9999
86: 8877755284 4815226965 8613967769 3972649498 9461221426 7504453160 1920759345 7693025353 8498001849 8827048950 : >9999
88: 9924122127 7950826210 0879976059 2092183745 6437285683 4190987494 1576543026 1975777364 9013976554 1737101085 : >9999
95: 2731497113 4377254753 8094355260 6814532238 6560197922 5773757578 6835206302 9772611662 8123250421 2362498846 : >9999
97: 0400102989 2819059487 0466734576 6876983462 2260863125 1811521255 2743689592 1970601112 6085453564 2631051949 : >9999
102: 7805325673 4240965417 3782900996 5024320026 0941229517 5940759470 5275282212 4501327289 0223559667 2537439206 : >9999
104: 5222349393 4915271176 5138329101 3526427880 4736068820 0817031263 1488771658 8036834032 7116715078 7272317079 : >9999
105: 7094496263 6210186069 6942962213 9151497909 3921938851 0048405199 6096907224 9253528254 5438350410 2783739109 : >9999
106: 0885996069 6006840447 4143073306 6794543958 7012709349 1449566509 0853895587 6219873038 8422956792 6982779043 : >9999
107: 8979856693 2789642511 2105839789 6205621314 2412221320 3801885945 1897230247 8212584437 6267251691 5767793264 : >9999
108: 9758831222 1208824844 6476055488 6441031351 2167517258 4897229682 2398651058 4751150235 3094161142 7309344011 : >9999
109: 2265400572 7180722577 4030190913 8973622178 8111304623 0767009867 9564850804 9486116923 6581969964 0659229655 : >9999
110: 3628312628 9407296211 7798483929 1861006985 9199274121 3190603050 9698804915 2413100028 0848997911 0216676538 : >9999
113: 4881130575 2037188922 5883644786 4383772786 5156088520 7164845179 0637466375 6540257087 9096109474 5593561743 : >9999
114: 9790071094 8093251607 6032515031 5211551460 0475506760 9804237740 0111248096 4246234538 0146414741 3320610372 : >9999
115: 3297677608 1554888615 3117485450 9312105052 8132873072 9930295574 6320768064 8948044922 4692365256 6268454166 : >9999
116: 2469640303 6631287949 7271739058 1977450220 9516386547 5484648855 9553535689 9113448171 9350535028 7933581167 : >9999
117: 0855540494 0654426025 9765219368 3971554641 3394827540 1446144518 7155104635 6098189806 0201816659 5887210474 : >9999
118: 2912561865 6397237700 5052511322 2137239142 7769596773 2983280519 9495149937 0708299837 3642909792 9184938590 : >9999
119: 0126868839 2764881728 2669256941 8909256702 5106054865 1978021385 1257409865 1310004318 2595375134 4660291993 : >9999
121: 2801074351 3390035436 7387273357 3512552765 0034444243 4284356317 2168263095 9749887125 9832544236 8883198988 : >9999
122: 0419044707 5818168805 5798919102 8500300968 2936388187 0733024968 4347686734 5284133046 4629026567 1542074230 : >9999
123: 3407251459 1410716236 9807080414 2552949349 2827219346 9691330514 4604385607 8729579122 5518756663 5638977551 : >9999
125: 7518234314 6227703271 5654809275 9839719253 8349959728 5035642631 5257681275 8611861736 0448119111 4234033586 : >9999
128: 5231647441 8446310421 8095424274 2355598250 0148128109 5088958811 8206565156 4764218766 0889691937 6290309138 : >9999
131: 7653480685 7650658937 6046184261 1460509184 1406366975 4956596446 9268644759 8594170510 7050826374 0141592063 : >9999
132: 4660142736 5765882379 0011913432 8181156304 6392857034 2337414240 4862858257 8711479086 7064872856 7155264843 : >9999
134: 5411078020 5193039898 0164161335 3831382521 0310276130 8533651925 7126541023 0287885526 6799610460 6524961540 : >9999
135: 0484026675 1485688380 4866434608 2275763582 1272928416 8931328423 0853848353 8470236318 5909935626 6123162501 : >9999
137: 6873768119 3264292979 1526163417 2006679097 7706613943 1367403099 0949488539 2688713237 5784072412 5213952494 : >9999
138: 2025755199 3247205435 7131203706 7125268462 4183996720 6483193001 5787470360 4319163709 9825186076 2383320085 : >9999
141: 4508833612 8629151937 9325957285 2363077890 7946743684 6184679120 9619078956 9289730743 0909908103 1109919605 : >9999
142: 2372983283 8285969372 7813292741 4236406909 2971872875 1749634500 6825277410 3008192588 2397825048 3245830897 : >9999
144: 1034758454 1427532441 0667380791 7609515993 1741754353 7998573644 9381002839 5713311275 0918864338 3045944153 : >9999
146: 3459936945 2419569300 5823253135 2571160004 6187779769 9500737087 4153725234 2772543394 4992431997 6104951890 : >9999
148: 3137001275 0295161865 3780599839 7245364945 4255787174 9656350741 8323500685 0783230076 8997288300 1101292621 : >9999
149: 9535527844 9320380792 8485281106 8379279430 5398661834 6254524004 5376967361 0705116060 8059533036 5565503016 : >9999
153: 9395829952 3083103289 1385521371 4395870294 2656963467 2957216037 0851398106 7424915369 9899593899 1849248119 : >9999
154: 2136923820 5623840294 5691447052 0636113007 9554761786 6188856090 6407489716 7289162905 2303078374 4719185718 : >9999
155: 8346438617 4373660948 1069827547 9806802775 9884553684 7439739677 4261905300 7981105507 1577971700 5154748179 : >9999
156: 8476716625 4244174378 3383597211 0716360701 0986671009 0840122890 7930847314 8215782939 3279807275 5322630123 : >9999
158: 3429342458 8565528455 2930696696 2900669705 0627966846 3770104136 4095800914 7350433891 0130689234 6836107547 : >9999
160: 4560371881 5302055012 3331726590 1535533112 1166712437 9892011750 4376198370 0924658277 5609035686 5921947854 : >9999
161: 2711418825 8344818040 6615413147 0463674317 5599668704 2233039631 5293839175 2872995842 3018145403 2110868798 : >9999
162: 3100534409 9760538897 8032511248 4711206010 4966649014 6364651779 3854377701 3313572807 8064394439 9272462354 : >9999
164: 4292031273 0641129018 7921750556 6702903057 6286753879 5750261668 5256402071 7223994000 5766808234 3826636428 : >9999
165: 7606781984 1146244585 6173273874 1341249690 1813111853 0377311749 7677326317 6574584979 2952262975 9990170240 : >9999
168: 3400215326 0917160258 7173744747 1888811335 7434556503 6231777269 7855825972 7945042249 8471067735 9284075436 : >9999
169: 9926359439 7978171603 5830947570 9987270733 1793741846 9583461224 6561411840 8810277136 9500087008 9870645768 : >9999
171: 7317448908 8579792734 5483573887 2048767175 7783835542 8947688671 0821558689 2630873205 6500591085 8690733831 : >9999
173: 7917572995 3566821648 5044103761 5823414009 0222881477 0465490527 1556744357 5454577092 4979397891 7217272534 : >9999
174: 9647683470 2379299170 0390462214 2558286529 3649292515 9846152382 2935038470 2753456160 8812608985 3013361997 : >9999
175: 7908105321 3561056365 6634204784 7911775891 4557772477 9680034952 9744444924 0160468372 2153653790 7543378735 : >9999
177: 1689773696 4304640936 4449769129 3973538326 4815067287 9989861050 4384076421 6969193840 8629077283 4253339917 : >9999
178: 5989394449 8505847645 6202933623 0086396754 7309504390 1956446707 1220601495 8305088989 4051956269 7867501940 : >9999
179: 0597443332 8444098669 1452142972 0175877038 1984101925 6710596487 1135359547 1988445740 0756915674 9993403438 : >9999
180: 4297157324 2103618374 9691829031 6210923573 3463110426 9304113915 2946756265 6530467929 8095610380 3675475634 : >9999
184: 5531299778 4416351727 4015034625 0232309057 8858948800 4681592863 7756394937 5900293528 1644722113 3049159700 : >9999
187: 7491538260 5347265212 0259098274 0588073525 2502171584 5821754996 4739483009 0049384208 8026982003 7070501360 : >9999
188: 9893805527 7028648175 8959003353 3001466723 5868213284 6040820693 7884520027 5763939729 1055559487 1414172905 : >9999
189: 6904254003 5949997943 3388806449 4460694434 2943530878 9604399636 3261491291 6779776257 6179275582 3235031353 : >9999
190: 3142408309 1321258921 5852837215 3165103313 3821031893 6016876948 5297209741 3416795605 5730740649 8795034099 : >9999
191: 9563136840 8345867766 8049343655 6692676531 4810002079 5586181075 6027651226 7692924362 1823340703 5756374026 : >9999
193: 0723658435 1000987623 9563348204 5113061819 6189460538 3019634407 4725314037 2096975316 9618461393 8034218034 : >9999
195: 4602596516 1518092848 7492033398 7982277760 5884083359 8215111497 6206823599 0561994831 9479292196 7657195548 : >9999
196: 6030907924 6957541669 9822808455 8908927955 1108301897 5512321497 3183624566 4518907003 0180995411 0768815124 : >9999
199: 5378004129 8341631650 9154955524 3036621049 9590256372 4900556998 9780366456 7964425886 0847693057 9992641953 : >9999
200: 8588296200 3892395614 9524527357 6301433558 6390656281 4656840627 2899507052 2579035137 1039458333 9882881107 : >9999
201: 4833644140 1430262524 9874154608 7510525542 3017170030 8091570999 3193290383 0285471829 3233573798 4299284562 : >9999
207: 5142376047 8219468201 3159666559 1813809973 8001756947 6849203456 5946816645 1634402804 0971169695 5990992247 : >9999
210: 7444984805 1257988013 9347768916 8149347669 2456195169 8430257705 6246960514 8752441969 4232542201 8975003116 : >9999
212: 1019280915 0472415705 3096892022 4649141106 5527488221 8871238309 7635670844 1385899535 4107216981 8955993443 : >9999
217: 5848162392 1218271855 7926664389 8390493212 1191673902 8732797042 5841387609 4556965475 9487682672 1963627344 : >9999
219: 7232712254 1838545554 1358746745 4540504941 5267086177 1749937015 4614352325 3650209908 7458354544 7906910745 : >9999
220: 4258766677 5188403656 8044541492 3501907330 2093920876 9833093080 9532346971 3964297972 4255130394 2370924592 : >9999
221: 5949309202 2120350161 2799948033 0263324553 2349474372 6796657537 9558618592 1656222950 4734933801 6876512711 : >9999
222: 5296848046 4495028541 1519704557 7953999503 0368251373 9826865353 9829964435 0334012556 4139167468 6654100196 : >9999
223: 3588320416 3059043454 4383921170 2748367922 0165730946 4954967665 2238103035 9700220917 0720733399 6446869832 : >9999
224: 0822718692 0242617777 6728887067 2437665713 0272511570 7329059612 6292975801 7374061732 9892739282 4851473124 : >9999
225: 4892755901 5176321711 0436042710 1778319800 4689638936 0857959418 9393906193 0703289323 7889189633 9015785051 : >9999
226: 3084368073 1731305252 8924377818 1259294838 4891555116 8739436153 2660757535 7793655344 3071057188 2845788624 : >9999
230: 1955958114 7299025052 2480180594 6599280853 5350311938 8895825774 8655687743 3954168262 4982316286 1446389590 : >9999
234: 6314011572 8353598191 4160033072 4348666081 4872546687 0216631492 5243308373 3426594667 0825671028 5064385826 : >9999
237: 0728881379 2467992221 5340606551 5362510445 1257002648 4405210146 4658918803 4916636033 1981333238 8769555151 : >9999
240: 6847561659 9502104055 8095304170 7748006802 5861600398 0198416197 9332411724 5190661599 6916252960 3193853358 : >9999
241: 9557127075 5808987556 9605310006 6556260925 1443119652 2845282227 6465130925 4023985107 1238659195 7551712981 : >9999
243: 9477252384 7609515568 2960821460 2349819891 2802773032 1928191884 9318268800 5778477847 7247849440 7765502771 : >9999
248: 2572909866 0468184838 5702906030 9841456293 6203445077 8415435636 0661758218 6123908709 0040691984 1466401692 : >9999
249: 9001386160 3624521852 0523424709 5682033919 5378327531 7356381030 9753108024 7948805794 6652917275 5340800997 : >9999
252: 9882649887 5231715644 8570269522 7395931165 8012981041 2935064016 1903992322 9181655049 1789695711 0872267064 : >9999
253: 2145422098 1197271709 6076003086 6269961382 4223249352 4288026121 7038470920 8533927009 6326351290 1983639911 : >9999
255: 2639797691 1106924889 4809247113 8960695656 9510799142 1447816973 4519133792 0199683552 9719345939 5179137332 : >9999
257: 0852927924 3559572268 0179019596 9852005355 8328264549 7365568300 5547022286 3348477358 6694166541 6339861941 : >9999
258: 8539747569 6529905628 0964310129 1817744504 1493257189 1888936419 6069546472 1133036310 8993804350 7874034697 : >9999
259: 2415245944 8780966678 1415374111 5747406291 9107330600 6147487875 8049549563 0382008315 1755669891 7846253628 : >9999
260: 5868668000 3313157528 8824101986 1144523243 7037456331 6730078168 5501090903 7250260211 8563958160 1803743976 : >9999
263: 7948600847 8573351561 2999134736 4899255327 0238014342 5507418578 8165504495 0150311252 2072818666 5570937983 : >9999
266: 5127309475 7393906744 1053663923 3227077264 5713673071 4002379137 7123431973 6186415468 0633602265 5125223080 : >9999
268: 9914992507 4700798143 3003197411 1160367977 8258919174 5810870111 6707843202 8746263260 5613254086 9277067464 : >9999
270: 7035932773 1405410360 7244195893 7643273800 4314858580 8121836487 6707836783 0393191620 9585053505 1922741993 : >9999
271: 4011224001 6364915361 3257994050 6333306438 0287792652 1485024961 6136159094 0824209357 3261464395 5872311153 : >9999
276: 3489298084 6032413387 0916363519 0738387122 3301812636 6825667867 5073964158 3912904846 8873017799 8694437376 : >9999
277: 5284882922 6391163985 5151268073 4277203576 2594158265 3317314489 5742402093 7224714804 8679411023 7300923797 : >9999
280: 6512203904 8957320396 9317587226 3663956234 8212437024 4088242396 5564727951 1141911382 6196653586 2025424675 : >9999
281: 6001512456 0325782115 8690521900 1104131314 2666320410 9684121788 9839031314 3710354834 8637828113 7076111826 : >9999
282: 4552764181 1735489103 2597444920 3238996789 1079309124 7228012173 4666532482 9075481228 5095382700 9109186560 : >9999
284: 1579262144 1055490081 7754554972 1311263422 0631611801 2268110506 0553985127 5801660729 9698846656 1572878793 : >9999
285: 2322986247 4891791593 5003135641 1613790857 6374582361 1844557921 9679604518 5942096305 7418456270 1199096528 : >9999
289: 6443242546 5651243623 5303271729 5977853843 6822622971 9325096685 6668778565 5675272730 5791766238 1464957401 : >9999
290: 9440463166 9137518459 3019138142 8726610076 6378265854 0664081616 4250060344 0882772142 3937051728 5755797728 : >9999
291: 6139774144 8877323020 4342395952 4968790909 9430204931 1630746737 0083836434 8704403382 5030086175 9880246274 : >9999
292: 3663085072 0121402713 5413477975 3605275713 3627964792 6740187370 2185583939 4472945719 3199449074 7395728626 : >9999
295: 4842301539 5539765070 2644914068 2908017167 4682366312 3143650261 3059003469 2936914283 1017777013 7146944006 : >9999
297: 6506212059 3671481623 4653281777 0823417357 3678351180 8059996858 6809113770 8179706900 4832003736 4145496656 : >9999
298: 1580768590 8622985957 7785280217 0830164278 5858259093 1619212282 2818114933 5088535256 7032726271 0381316491 : >9999
300: 6961404194 6549793983 4935309438 3304456463 7960040459 4625206022 9123723724 1088822677 0196455534 0490131969 : >9999
301: 3059268577 8753584392 1733531373 2929951266 5860547245 0518610580 1783811427 8613879020 0897160665 7216190120 : >9999
302: 3654583965 8097107722 1985399024 6537579277 7892654787 0354892123 3376223390 4890486339 4530577456 4987049727 : >9999
303: 1714879900 1965812478 7694221653 8858945838 0470276787 7580765888 5627760038 0834586330 0019569559 0516565243 : >9999
304: 4320160960 8444197886 0324238549 9884530738 9711636644 3238124145 3812015293 0297578804 8356436214 8848209227 : >9999
306: 5163810937 1291250347 6561001254 9937604007 8953820458 2084888656 7978383782 6679702620 4266064225 9285829127 : >9999
307: 5686053128 1945897127 0153308272 9173781266 7421098758 3418494534 0076349215 2708275549 8235600238 5578930258 : >9999
308: 0035756658 4051677527 0522036662 4413085998 6222947209 5493083579 3150208819 9713076075 1716305316 9562259670 : >9999
309: 6275233881 8374143502 6287891103 9755924591 0712422739 7015803288 8566540793 1637938799 9575883240 4086107740 : >9999
311: 0920567417 2895550562 7622216675 0164922920 3085995949 7968431557 3306961424 0950103201 7506464201 1330343026 : >9999
313: 1379940758 9368585126 6090142613 9187778146 4521235006 8229782403 1168538793 8008855658 7462548045 5675531889 : >9999
314: 9994442841 0191967118 9824592371 8151688902 5819278677 2732943740 9836599958 4288302823 9680280906 7750312952 : >9999
322: 4254656184 2068901687 7231395689 4551168933 5529375972 1260222293 6199048304 1660139454 4898370019 5843727014 : >9999
323: 5375944044 8130040318 6325995129 7098519554 2541759679 7698030662 1300594384 4347880848 7829831529 1291553517 : >9999
324: 5685127375 7519431977 8833522219 3009118512 6127803475 1061501398 2405586815 7832878221 7859801681 4412085638 : >9999
326: 6470083479 7768643253 0318238913 1704791036 1456930575 0783236451 0506233308 7141095128 4457017566 6885836323 : >9999
328: 0541538282 2077106412 7455494787 5771557840 4886367414 3634562206 1513371366 8784140042 7693341304 3444170661 : >9999
330: 0618258595 8538938513 7849038963 1049633814 1165964061 2184446557 6589131982 6707815316 5887880364 1409434356 : >9999
331: 7802615510 4579985681 6230683088 6002503830 3518741989 9099309871 1337946763 6785494396 3146828723 4525116175 : >9999
332: 0192929795 0723751769 2163739272 7521902120 8275687667 0127827959 6455471473 3273490304 5067039589 7844370249 : >9999
336: 6563203109 1549409027 1882790818 6400586855 0006294977 9516337360 9739412451 1789072985 8052358719 1950841697 : >9999
337: 9982610107 8871688756 2926428303 2360484521 5010035579 8394454426 6497480359 5180294489 9513650298 1606855373 : >9999
338: 5996129363 6121781037 4948290662 5979525896 3819367565 4227859064 4582072945 3632887036 1780964762 1921131800 : >9999
340: 7039455979 4998375491 8712425864 2942930653 2771779266 2935548318 6323848210 2138205627 8952787793 4075876989 : >9999
341: 0074954390 0478464823 7240884409 7505674382 1574277765 0737652206 8599679730 9038455614 1031557039 2641317520 : >9999
343: 1374733308 3613712636 5310843000 6139015948 4137953614 0064076837 0972170523 3348119778 0479032572 3666061779 : >9999
347: 5340675631 9575127169 3259937815 8046662653 0965561962 7111218424 5921590250 4542023943 9267799068 8530392736 : >9999
348: 8430341417 2907711228 8493982946 6870711269 8712270137 2175383049 4853082735 7713021891 9619119533 3468130897 : >9999
350: 7497359832 1146818080 7844576560 4786738352 3692661992 9404283527 8927357700 8776336663 2652314011 8879740231 : >9999
351: 1538885763 1738686122 5994546686 6105791756 5680657086 7002721644 5024436530 5551783679 7942531682 8726637904 : >9999
353: 7686239857 6481546156 5612594812 4675474063 7132093689 6068425680 9615796488 1647031072 4157053144 4530994482 : >9999
355: 9144025910 7196037829 2515270530 0303583384 8648340950 9193257716 6486370720 9725814383 1312900578 3844597310 : >9999
356: 3810613645 5075114651 5707053389 9223143471 8182398036 9666872216 9029776548 4403881672 1923266854 0634070255 : >9999
357: 3415464740 6873884311 2112410542 2211595996 5306026444 4735367666 3497058192 0209654822 4851365638 1563725788 : >9999
359: 3872927063 2931084314 3918695702 5909285568 8016619644 0171938202 6258859659 9372792571 4045574106 5047555047 : >9999
360: 9915682706 2669849119 0745317487 2299878482 1697652135 6819033090 7289083457 5610359313 4886430468 0674096409 : >9999
362: 3979280906 9945244568 2995475435 4588696507 6874649129 4219270137 5427544413 9236253047 5339772088 5655751665 : >9999
363: 3486892989 1682608020 3736872117 0999914083 0747193861 8513455299 8453983334 5563658235 5415324551 4338471972 : >9999
364: 2731939472 7390698151 2316117123 8024999715 5881409726 7140741072 1664825118 1499121529 5788269863 8013140271 : >9999
365: 8136160602 2637921477 1318439406 9450291604 6768061216 6634045084 6864470409 8015679554 1257777261 2175866316 : >9999
369: 8397104241 0980640476 0321855893 8579835946 9482518673 6786626310 4502866631 6075267354 3681804164 9471325231 : >9999
370: 1014003650 2646716243 9526778752 3665289162 0317929582 7075432958 5611932654 3394729486 9760982831 1933225740 : >9999
371: 4963230593 3376234089 1955442111 0815814381 2124110722 1419749646 2472126446 2210826635 8982342503 9407250487 : >9999
376: 0089040090 0567384635 7659952414 8971052001 5668991007 4618479426 9554026846 1263476804 9606967578 0190669269 : >9999
378: 1707135525 8238517760 4824831875 2818624938 1591421239 8058579352 6795247794 8000354611 6565809054 9286934579 : >9999
382: 4201457708 8374687923 2244297739 9752896847 0438157374 0584004961 3929849490 0182796568 3134520393 1897358384 : >9999
383: 3208803453 1941022846 8775368642 4889717934 9727125775 6802421766 0239529082 5732357421 5554341420 4301282966 : >9999
384: 0597799102 1837051605 1592995789 9521026597 9940145870 2491601204 1395304597 4786708355 4061286121 2927447764 : >9999
386: 8288476486 0537943433 5153505262 2613329016 8475740400 9598467278 4088281648 4279585550 4720366764 6821731491 : >9999
388: 3644247812 7817349616 3918095765 5912918393 0146721073 0887299377 2336153772 9732363605 2701207203 2625171020 : >9999
389: 7347537440 7360274099 9596376854 0080256017 4816499042 1090622458 4726123956 3260856515 7854780099 3329295995 : >9999
390: 4714642200 3071902175 9430592479 2457972513 1054955860 9403671084 5799531862 1732947399 5151471746 6534018885 : >9999
392: 9925830517 9505885593 6331124090 0516113410 6949110006 8917259076 8829389455 7824941188 3865069364 3560131226 : >9999
395: 2192291210 7902581871 8748548393 4183053475 2481088493 9331865143 2643464073 8492065767 6581096018 1154157037 : >9999
396: 7329654806 6144982701 6001978146 7313578801 9370449717 7253247346 6340830080 4494548124 7634220029 7402529236 : >9999
397: 4161459260 1609513437 3756750039 7605069563 8129347865 4820384668 7835645804 4102043054 4325068216 3687276076 : >9999
400: 8269386184 5865380315 3329821010 7693412844 1694567974 9542860460 4015661241 8203207442 0882951351 1065039771 : >9999
401: 7660435251 0708315749 7194122605 8978178277 3995274908 8202229152 6957257877 7403856090 5820780597 0348720218 : >9999
402: 1272985915 6483513768 7118521792 4445305228 5398566484 9214371782 1899710567 0075119560 9173220115 4749995954 : >9999
404: 9385051989 7575312320 9963868653 6577067634 4822815090 6003118329 7604337844 6188318097 5849343755 6361376528 : >9999
406: 0935304518 7727112641 3942831018 6968142006 7721018475 2987110831 3471529260 7749521194 9068685633 5399556790 : >9999
407: 8512673367 5481332225 6551935753 9406683273 0882498985 0333854536 5394664101 1005284109 8484332457 0895966760 : >9999
410: 6439116579 3207063806 2588736653 1570447615 9652839237 1868761453 4822410116 9095188670 7436357112 0420530809 : >9999
412: 9801271280 0631267304 6338299243 8273757782 8674261504 9898342939 9066868130 4252160375 8916419041 7238475645 : >9999
413: 6822177304 2922609492 9435492424 3254587637 4438970159 9186237480 7172778412 0160280728 7272127216 1086947551 : >9999
417: 4923518864 1329629932 7610975225 9637540736 6446721624 3223326114 5865490739 5557694139 2374758894 6216912921 : >9999
418: 8122380638 3019009380 1935765942 8996855094 5643981035 2593236246 0102692019 9710264206 7257375841 1696785538 : >9999
419: 2702481364 0968719113 1091700878 8574471852 0006838677 3396025812 5889046521 9314674510 6725995163 3137413807 : >9999
424: 3303832044 5038718149 6484125020 8239752806 9436275661 9311468272 2102292321 1144893663 0558325517 3593024458 : >9999
425: 2236429594 8298273557 5882073268 4942406328 7923689855 9942215942 7130822534 3444350626 4230843213 6385559462 : >9999
427: 9326383991 5193912239 0524551419 9391196917 2735388409 4047451490 1285700996 9584242515 4093425138 9672840954 : >9999
429: 5276656031 2493413776 1863749947 4829120417 2592882446 9188738645 9707751567 0132965235 6229439489 3973411233 : >9999
430: 6285398845 8973523632 4898294037 5276091324 2946723195 1642299928 2421200905 9546805379 8915165546 8241298446 : >9999
431: 5845491970 7306974355 8227541516 1645250149 7321604514 3410591971 1050495458 7771031229 5874691171 8210413831 : >9999
432: 5889798903 9994477734 8738087772 9168199213 4978105179 8235183260 9621709935 4714158676 3888138408 7699414740 : >9999
437: 4549489173 1083223016 2903339596 7561193751 1349073839 3210960833 1606643615 9972822388 7385750297 4757299858 : >9999
438: 3010861634 3737452511 4583499937 3727481648 5948755526 9374059654 9829318493 1228587115 1521319726 6548435861 : >9999
442: 1475378751 1728614831 9166502930 8156473823 4725418092 9567791838 8484580616 5680542665 5287744560 6981905480 : >9999
443: 9865637438 0956278492 6600210598 5496850023 5225312613 6231546260 6150659839 6921860727 6334544041 3054300322 : >9999
445: 7913639055 2303080074 7944183272 3884417234 0323893079 8282257551 4818239004 4262399277 4000971804 6293200475 : >9999
446: 2818765871 6661887317 4555068506 4020469761 8662550190 3879814392 5089776011 1971340932 8936774641 4318868635 : >9999
447: 2261326789 6564914726 3510521379 4699096271 7100641186 9639202982 4687810267 2640395990 5604139085 4749151006 : >9999
449: 9029737508 9712694761 3632731575 7628362273 5868072453 4470831126 4314927150 0905562769 8242937204 9893094630 : >9999
450: 2830299608 2455214643 2107079392 2323248431 6862680244 3977336800 9422034079 0782721952 2230171613 7386433210 : >9999
451: 6490932021 4340603806 1916126479 4334596122 0207464101 7584977449 9355978576 4407541676 9179441273 2271571055 : >9999
455: 5559090296 2357324739 1134268935 6676296319 7230618296 7991812498 0930342751 7739590559 3618444243 4438429099 : >9999
456: 1941188447 9241192644 5864527674 7128590279 7617616521 4952028047 8785291309 3050201661 7733564403 1440516342 : >9999
457: 3442671934 2253342549 6142407311 1555433423 3667847279 6689251795 5578948107 1829279512 4256120486 0095229467 : >9999
459: 6726944015 4953977379 3682389782 7414840158 8968666210 9089473901 3206435511 3394035967 6279698767 4137734194 : >9999
460: 068990: 8707496771 9081257789 9114502312 9227912230 7998631452 1463379729 3481029679 3757336253 4860022137 3415617054 : 109
